initialparams
35 30 5
roomsbegin
300.0 520.0 380.0 600.0 room1 10 1.0 17
260.0 440.0 340.0 520.0 room2 10 1.0 18
340.0 440.0 420.0 520.0 room3 10 1.0 47
380.0 360.0 460.0 440.0 room4 10 1.0 28
300.0 360.0 380.0 440.0 room5 10 1.0 35
220.0 360.0 300.0 440.0 room6 10 1.0 52
180.0 280.0 260.0 360.0 room7 10 1.0 61
260.0 280.0 340.0 360.0 room8 10 1.0 67
340.0 280.0 420.0 360.0 room9 10 1.0 77
420.0 280.0 500.0 360.0 room10 10 1.0 92
140.0 200.0 220.0 280.0 room11 10 1.0 84
220.0 200.0 300.0 280.0 room12 10 1.0 100
300.0 200.0 380.0 280.0 room13 10 1.0 118
380.0 200.0 460.0 280.0 room14 10 1.0 124
460.0 200.0 540.0 280.0 room15 10 1.0 127
180.0 120.0 260.0 200.0 room16 10 1.0 139
260.0 120.0 340.0 200.0 room17 10 1.0 146
340.0 120.0 420.0 200.0 room18 10 1.0 58
420.0 120.0 500.0 200.0 room19 10 1.0 138
220.0 40.0 300.0 120.0 room20 10 1.0 66
300.0 40.0 380.0 120.0 room21 10 1.0 10
380.0 40.0 460.0 120.0 room22 10 1.0 102
roomsend
doorsbegin
300.0 520.0 340.0 520.0 0 4 8 1 1
340.0 520.0 380.0 520.0 0 4 8 1 1
260.0 440.0 300.0 440.0 0 4 8 1 1
300.0 440.0 340.0 440.0 0 4 8 1 1
340.0 440.0 380.0 440.0 0 4 8 1 1
380.0 440.0 420.0 440.0 0 4 8 1 1
220.0 360.0 260.0 360.0 0 4 8 1 1
260.0 360.0 300.0 360.0 0 4 8 1 1
300.0 360.0 340.0 360.0 0 4 8 1 1
340.0 360.0 380.0 360.0 0 4 8 1 1
380.0 360.0 420.0 360.0 0 4 8 1 1
420.0 360.0 460.0 360.0 0 4 8 1 1
180.0 280.0 220.0 280.0 0 4 8 1 1
220.0 280.0 260.0 280.0 0 4 8 1 1
260.0 280.0 300.0 280.0 0 4 8 1 1
300.0 280.0 340.0 280.0 0 4 8 1 1
340.0 280.0 380.0 280.0 0 4 8 1 1
380.0 280.0 420.0 280.0 0 4 8 1 1
420.0 280.0 460.0 280.0 0 4 8 1 1
460.0 280.0 500.0 280.0 0 4 8 1 1
180.0 200.0 220.0 200.0 0 4 8 1 1
220.0 200.0 260.0 200.0 0 4 8 1 1
260.0 200.0 300.0 200.0 0 4 8 1 1
300.0 200.0 340.0 200.0 0 4 8 1 1
340.0 200.0 380.0 200.0 0 4 8 1 1
380.0 200.0 420.0 200.0 0 4 8 1 1
420.0 200.0 460.0 200.0 0 4 8 1 1
460.0 200.0 500.0 200.0 0 4 8 1 1
220.0 120.0 260.0 120.0 0 4 8 1 1
260.0 120.0 300.0 120.0 0 4 8 1 1
300.0 120.0 340.0 120.0 0 4 8 1 1
340.0 120.0 380.0 120.0 0 4 8 1 1
380.0 120.0 420.0 120.0 0 4 8 1 1
420.0 120.0 460.0 120.0 0 4 8 1 1
300.0 40.0 300.0 120.0 0 15 8 1 1
380.0 40.0 380.0 120.0 0 15 8 1 1
340.0 460.0 340.0 500.0 3 4 4 1 1
300.0 380.0 300.0 420.0 3 4 4 1 1
380.0 380.0 380.0 420.0 3 4 4 1 1
260.0 300.0 260.0 340.0 3 4 4 1 1
340.0 300.0 340.0 340.0 3 4 4 1 1
420.0 300.0 420.0 340.0 3 4 4 1 1
380.0 220.0 380.0 260.0 3 4 4 1 1
460.0 220.0 460.0 260.0 3 4 4 1 1
300.0 220.0 300.0 260.0 3 4 4 1 1
220.0 220.0 220.0 260.0 3 4 4 1 1
340.0 140.0 340.0 180.0 3 4 4 1 1
doorsend
